3873816
4018552
3261449
3261262
4434118
3480846
4434895
4434642
4111301
4389461
1439248
4138207
3851942
3268450
4030405
2590810
4433860
4433862
4149395
4319019
4360831
4284558
4433600
4433036
1923053
3324704
4433403
4433249
4420988
4433151
4433088
4433065
4433064
4433047
4433038
2623988
2624848
1864700
2702533
4189479
4252838
4265585
4175321
3568401
2847342
924831
2934200
4432410
4145786
4145783
3156399
3042720
4413653
2832602
2893229
2847357
1778405
2961381
2974065
4422536
2639981
4421336
4431487
4299174
4429458
4429720
4429319
4429217
4429216
4429213
4429210
4429209
4343130
3043948
3108890
2488768
2456456
2262843
3042713
2165950
4228732
3937901
4156619
4151144
3078043
4016967
4016957
4159635
4379834
3503631
3156421
4424999
4129722
4427101
3335376
2590978
3156392
4360892
3965268
4149392
4298517
4423798
3956378
3983579
3237492
2847344
3427934
2570663
2359895
2631608
3041390
2348149
3365065
3825751
3298509
4422183
4422569
3768905
3768904
4259208
4423662
4422584
4421657
4422550
4064817
4065295
3820192
4108031
4355015
4204661
4354306
3375501
3701712
4248834
2947348
3413795
3820622
4381447
3365061
4418330
4403783
4366589
4360899
4360908
3994698
4352136
4415454
4417731
2311106
2056247
4350123
4350122
4350121
4350125
2503544
4415100
4409245
4409516
4416277
4415940
4413654
3870306
4277980
3515804
4281276
3944506
4412222
4399104
4345808
4113059
4409780
4409524
4409523
3937238
4409509
4031300
4230308
4230307
4395648
3939487
4168515
4168511
4408208
4407898
4252844
4407868
3243908
4283774
4043195
4406797
4406781
4406620
4405390
3966881
4404005
4403905
4403698
3805246
4342635
3820386
4402052
4402430
4401748
3167587
4398198
4400572
4400538
4400039
4253128
4339031
3071493
4398215
4398212
4398064
4398037
4141400
3501026
4279457
2979625
2970565
3104916
3779968
4317902
4369958
4381758
4376497
4380054
4376498
4376496
3989813
4082105
4269855
3237472
4395784
2872284
4189713
3887562
4334117
4235553
4121717
2943888
3349061
3055543
3438666
4334108
3841589
4391407
4391381
3836821
3894795
2056280
4389148
4389139
4389012
4388528
4387772
4174596
4149109
3820180
4385903
3885506
2714696
4370348
3885337
4382816
3819702
3821748
3906006
4383349
4049482
3978753
4268845
3405197
4381935
4381860
4275054
4379578
4381461
4381457
4381456
4381453
4381442
4343083
3805081
4380185
4330974
4378655
4378201
4378091
3866027
4376727
1559138
4376515
4375737
4375735
3863793
2693058
3351665
3666049
4282559
4271354
3407761
1474939
4372659
4373260
4372405
4372021
4371955
1663420
3156397
2424181
3892390
3156443
3156423
3892111
4371291
4297658
4038496
3899611
3539518
3539449
3764537
4314423
4023583
2907848
2907850
2550264
4331926
4370932
1705873
4366054
4365287
4364933
4364267
2428000
3909005
2947296
4155194
2789960
4263969
2386374
3765658
4362888
4361855
2166643
3973639
4360907
4360905
4360904
4360900
4360898
4360896
4360894
4357494
4360852
4360848
4360847
4360845
3765290
4360832
4360517
4357573
4357622
4343080
4357505
4357501
4121933
4353568
4346021
4353694
4352878
4216264
4351819
4351973
3485087
3863766
3913767
4350166
4350624
4349700
4349462
4349461
4349443
4345805
4092902
3348018
4343853
4343482
4343477
4343474
4343473
4343468
4343463
4343410
4343404
4342639
4342447
4341805
4341882
4341825
4337723
4331916
4338556
4338555
4338553
4338552
4179719
2731420
3970447
1205713
2335504
4332509
4331908
4331913
3951860
3885336
4329711
4325045
4325420
2595804
3171838
3396745
3975750
4322381
4321444
3778706
4321739
4168348
4320393
4318586
4107318
4271558
3428455
4283686
4318818
3989975
4091685
3802155
4063890
2702694
4070858
4277007
4316973
4316960
4300435
3261733
3819712
3819802
4314972
1649192
4304636
4304620
4304447
3763104
2047288
3567496
3567497
4021163
4149397
4084749
4234198
2774807
4312357
3631987
2398470
2734557
4304638
4236485
4306923
4306012
4074769
4305815
4304473
4304501
3755001
4304662
4304661
4304660
4304652
4304649
4304647
4304646
4304644
4304641
4304633
4304628
4304623
4304507
4304505
4065006
3966330
4216881
4227244
4299581
4303514
4302854
2910057
4208813
3622567
3489891
3716201
4035757
3475915
978183
3715291
3483829
3965925
4038473
3156519
3156444
2776431
1869063
4278304
4278308
3868576
3676829
2504809
4291221
3177197
4283417
2956182
3547416
4046357
4280849
4056268
4198336
3483678
3483676
3483672
3483673
3510192
3935526
3371463
3464030
3464094
4094933
4212485
4060318
3806810
3022996
3755092
3755093
3755011
3755009
3958946
4050727
4149410
3622110
4050733
3355666
4011395
3920221
4296268
3984491
4197206
3934266
4295570
4295568
2413297
3109953
3550673
2678615
2678551
4294898
4294773
4293936
1781103
2985726
3641490
3151359
2520821
4232124
3724620
4278270
3919432
4165820
4017070
3326140
1640962
4291930
3852713
4291077
3935517
4008550
4290646
3297555
4289990
3583711
4274877
4287906
3229903
3934489
4245395
4283689
4283688
4283687
4283685
4283684
4283683
4283682
4281109
4278428
4278236
4081447
4281838
1213809
3562172
4280850
3806063
4280693
4277047
4278854
4278898
4278880
4278857
4278366
4278363
4278361
4278254
4278206
4278203
4278125
4278037
3777317
3247105
1653351
1222909
1821957
1821956
3311012
3627548
4274495
3953470
3845132
4262152
3016845
1681564
3501763
3552150
3042715
3955494
3876062
3883038
3884518
3894790
3953316
3290117
4271577
1417534
4271414
4270682
4166899
3934893
3934892
4232587
4232588
4232589
4232591
4268184
4268233
2354469
4264340
4262280
4261404
4259704
0x57
4259674
0x57
4256736
4256738
3262175
4258460
4257946
2782803
3867703
3817760
2169834
4166879
3640993
4080530
3618943
3265885
4252846
4158599
4232780
4250617
4250922
3161436
4250523
4250522
3258388
4249454
4249411
4249420
3022933
4248859
3291523
2541966
4247276
4204336
4204337
3042724
3025639
4065302
3640394
3909007
4202295
1385918
3261270
3262182
4230606
2559976
2456447
2569704
2569705
2569706
3247342
2477751
4034440
4119443
2417402
3340369
4142004
4236472
2768465
4144877
4233451
2956657
1376083
1047727
4216945
3731386
3777323
3956171
3953335
4123643
4123647
3147443
4133706
4221660
4220445
3033812
2467185
4040023
4040028
4040029
3860912
4161746
3801476
4116978
2778081
4060705
4209554
3907938
3797842
3797843
3797854
3367110
4084404
3675572
3267119
2510226
4116540
4197280
4203487
4185416
4197283
4193021
4190958
4190726
4186221
4189495
4186332
4107368
4184213
4183821
4183815
4182095
4182089
4182074
4179192
3828446
4081153
4178341
4125785
4172413
3889504
4162397
3796522
3809444
4168724
4165749
4166391
3899966
4069961
3987662
4102911
3102271
4162636
4160880
2939707
3650991
4008552
3195944
3112500
2316039
3411390
4145778
4145309
4145306
4145305
4137479
4107327
4144883
4144881
4144878
3043612
3372516
3120644
4141539
2456474
3853629
3680635
4131245
4131241
4130708
4130391
4078922
2456481
4122486
3398149
4121319
4120171
3120605
2719429
4118055
4024595
4024601
4116983
4107319
4113107
4107323
3042986
4105775
4101315
4091238
4065292
4065298
4065296
4080502
4080500
3629569
3809813
3972506
4056244
4056030
4074792
4074779
2401091
3988131
4067945
4065949
4061634
3252869
2254161
2313141
3909016
3948559
3909000
3909006
3023061
4040055
3312949
4051632
4051626
4049461
4049466
4043186
4040251
4038484
4038485
4038025
4037572
4034439
4033661
4028620
3983965
4026234
3995288
4026280
4026274
4021736
3983182
4019919
4018222
2561834
4011412
4008156
4002105
3778861
3994513
3992136
3991676
2994029
3985919
2752614
3977991
3968269
3965933
3962348
3961925
1731280
2727432
3955836
3951789
3653348
2235742
3945112
3839569
3937895
3939488
3939489
3939490
3937259
3936190
3926115
3919612
3914667
3906243
3333341
3901449
3897117
3895574
3893910
3885657
3883617
3522346
3878128
3877172
3874285
3873883
2305231
3870549
3870259
3567232
3869485
1975826
3863740
3863193
3857259
3052641
3855414
3829884
3635396
3268466
3834079
3826002
3824460
2907835
3819612
3814523
3583156
3648126
3801692
3796326
3768583
3781424
3311132
3781332
3780432
3779849
3774821
3768551
3755094
3755089
3755035
3755023
3755020
3755018
3755007
3755003
2457157
3728732
3129619
3161877
3719791
3283449
3707599
3196684
3697838
3695722
3691385
3685167
1768610
3256652
3675200
3672489
3671567
3658357
3659197
3658156
3658103
3653337
3629235
3490314
3629708
3606569
3589122
3595425
3594881
3590562
3580100
3578477
3578475
3576373
3573855
3573861
3091108
3562484
3535917
3539493
3535665
3535667
3535664
3526931
3521298
3491466
3486041
2393505
3464757
3305889
3427285
3096602
3447222
3440605
3435311
3261650
3254097
3397347
2939118
3261327
3262097
3261792
3261323
2190235
3261933
3261964
3261698
3261376
3354747
1506574
3368219
3347110
3342352
3340071
3261749
3261817
3182804
3022981
3325669
3307489
3022971
3192693
3305869
3022919
3023059
3022940
3022937
3022968
3022972
3022957
3022931
3291521
2456436
3022914
3023068
3262197
3262244
3262239
3262199
3262207
3262219
3262229
3262235
3262113
3262115
3262116
3262129
3261977
3262149
3262153
3262156
3262159
3262163
3262174
3262177
3262179
3262140
3261970
3261986
3261961
3261959
3261950
3261947
3261934
3261988
3261929
3262015
3262020
3262034
3262035
3262037
3262039
3262058
3262066
3262072
3262082
3262092
3262098
3262100
3262101
3262109
3262111
3262112
3261843
3261900
3261898
3261872
3261868
3261862
3261857
3261847
3261842
3261839
3261837
3261834
3261833
3261819
3261806
3261804
3261803
3261802
3261798
3261797
3261781
3261775
3261774
3261772
3261770
3261763
3261761
3261748
3261744
3261739
3261738
3261726
3261721
3261720
3261715
3261710
3261481
3261479
3261511
3261512
3261519
3261688
3261678
3261487
3261669
3261657
3261539
3261564
3261473
3261649
3261567
3261470
3261576
3261577
3261639
3261629
3261628
3261626
3261580
3261586
3261605
3261603
3261589
3261602
3261621
3261598
3261495
3261597
3261596
3261590
3261500
3261503
3261504
3261521
3261305
3261382
3261374
3261368
3261359
3261355
3261350
3261347
3261340
3261385
3261405
3261309
3261303
3261295
3261294
3261292
3261290
3261282
3261277
3261271
3261258
3261242
3261241
3261409
3261239
3261415
3261417
3261419
3261422
3261431
3261434
3261442
3261445
3261450
3261451
3261452
3261454
3261377
3261221
3261229
3261234
3261205
3261206
3261207
3261217
3023078
3022911
2927479
3250576
3156407
3156396
3156526
3156379
3156332
3159042
2370644
3225964
3204500
2401988
3143531
2149225
3022970
3022942
3022922
3022965
3023062
3156504
3156579
1282319
3173339
3163468
3161419
3161420
3151633
3023051
3143564
3143577
3143569
3143492
3143425
3143421
3143444
3138388
2722075
3121078
3120733
3120155
2027358
2603339
3107691
3022935
3099205
3090266
3090180
3080611
3086624
3023056
2964066
3023060
3022988
3022985
3022994
3022978
3022977
3022975
3022973
3022995
3022997
3022999
3023006
3022963
3022960
3022955
3022952
3022951
3022949
3022947
3022946
3022943
3023013
3023040
3022936
3022932
3023045
3022929
3022921
3022990
3023063
3023077
3022918
3022912
3022915
3022917
3022909
3022910
3031722
2611243
2939522
